110 0.03834600717255796
Cluster  0
131
474
570
660
743
1023
1049
1065
1094
1099
1119
1140
1171
1175
1248
1371
1407
1433
1447
1468
1539
1701
1712
1920
1940
2024
2090
2110
2190
2242
2258
2299
2391
2406
2559
2662
2931
3096
3103
3109
3210
3286
3295
3316
3609
3706
3730
3737
3753
3865
3973
4039
4087
4181
4222
4237
4262
4303
4306
4312
4367
4435
4549
4665
4781
4873
4884
4904
4913
4952
5047
5065
5106
5127


Cluster  1
15
31
40
46
125
168
169
518
573
578
594
693
891
892
925
930
968
978
1057
1194
1362
1470
1633
1640
1897
1911
2023
2136
2293
2542
2631
2634
2713
2726
2772
2937
2959
2980
3328
3346
3389
3672
3962
3992
4021
4086
4214
4424
4575
4589
4623
4643
4649
4658
4676
4714
4862
4924
4976
5016
5073
5075
5084
5109
5151
5195


Cluster  2
59
117
119
159
175
333
350
369
370
378
380
399
413
425
426
459
469
491
496
504
507
519
557
564
574
588
589
627
941
943
959
996
1051
1267
1360
1361
1393
1403
1417
1463
1477
1546
1603
1624
1696
1791
1845
1870
1915
1930
1936
2063
2104
2147
2159
2168
2173
2211
2213
2214
2219
2225
2318
2332
2345
2407
2414
2421
2434
2442
2446
2469
2474
2512
2575
2579
2732
2782
2784
2786
2791
2822
2860
2948
2950
2956
2966
2967
2975
2979
2984
2995
3008
3064
3136
3164
3264
3288
3381
3471
3486
3501
3508
3512
3531
3550
3557
3597
3681
3720
3812
3831
3856
3860
4017
4019
4027
4034
4042
4044
4142
4265
4316
4376
4403
4532
4629
4668
4678
4692
4694
4703
4713
4716
4718
4737
4740
4745
4756
4784
4789
4807
4863
4868
4906
5143
5169
5170


Cluster  3
535
2666
2698
2710
3814
4507


Cluster  4
27
28
343
478
509
520
521
581
731
735
1001
1009
1351
1423
1529
2029
2032
2288
3094
3126
3186
3246
3983
4132
4225
4384
4464
4517
5000


Cluster  5
227
296
308
464
514
541
764
821
1079
1080
1086
1089
1090
1091
1096
1097
1113
1114
1148
1156
1164
1165
1166
1168
1174
1180
1183
1261
1275
1292
1328
1375
1386
1399
1458
1575
1667
1688
1692
1720
1858
1859
1882
1892
1893
2109
2185
2260
2270
2387
2396
2398
2403
2404
2458
2700
2757
2774
2801
3343
3718
3771
3799
3968
3969
3980
3986
4224
4230
4239
4240
4268
4269
4273
4279
4298
4308
4311
4354
4555
4710
4711
4730
4733
4772
4820
4837
4856
4914
5010
5056
5087
5099
5103
5159
5194


Cluster  6
62
389
408
600
624
929
1082
1103
1129
1134
1151
1167
1204
1221
1296
1383
1442
1448
1519
1537
1641
1650
1663
1671
1686
1755
1929
1971
2295
2296
2305
2399
2484
2647
3444
3715
3732
4261
4388
4478
4619
4633
4920
4954
4981
4990
5050
5144


Cluster  7
60
133
240
497
1078
1252
1260
1418
1554
1687
1825
1876
2200
2309
2568
2727
2824
2994
3458
3533
3556
3560
3603
3709
3728
3866
4317
4518
4553
4573
4625
4669
4671
4788
4797
4832
5154


Cluster  8
139
954
1489
2160
2473
2850
3156
3161
3181
3191
3202
3203
3216
3242
5031


Cluster  9
218
259
321
356
626
635
641
645
680
843
870
879
886
945
976
1186
1286
1316
1380
1382
1452
1694
1782
1838
1987
2323
2454
2493
2524
2529
2530
2535
2649
2707
2709
2777
2945
2982
2999
3357
3446
3592
3629
3647
3820
3847
3883
4003
4081
4322
4569
4642
4683
5122
5150
5167


Cluster  10
329
515
1736
1792
2007
2045
2180
2731
2769
2815
2930
3332
4020
4754


Cluster  11
155
228
299
489
490
644
669
767
775
817
868
878
905
906
923
981
982
993
1059
1075
1209
1366
1426
1453
2124
2311
2337
2500
2611
2629
2648
2704
2745
2751
3222
3297
3309
3313
3443
3509
3625
3628
3855
3891
3916
3924
3979
3984
3994
4036
4096
4105
4198
4315
4365
4548
4574
4734
4806
4971
5004
5011
5077
5131
5192


Cluster  12
152
202
279
883
1389
1843
4752
4809


Cluster  13
220
438
441
442
443
470
529
678
818
862
1237
1238
1648
1666
1680
1764
1918
2016
2645
2925
2990
3532
3662
3896
3941
4162
4220
4356
4357
4360
4369
4370
4409
4560
4652
4982
5168


Cluster  14
198
1040
1041
1042
1052
1646
1669
1740
1888
1903
2367
2583
2587
2612
2615
2632
2901
2912
2949
2972
3023
3037
3147
3497
3789
3792
3871
4126
4170
4182
4184
4194
4200
4206
4341
4704
4950


Cluster  15
406
712
749
812
834
849
859
871
896
904
992
1020
1070
1073
1074
1093
1102
1106
1117
1125
1127
1173
1224
1284
1432
1649
1700
1800
1868
1883
1963
2015
2021
2031
2035
2038
2046
2114
2276
2278
2280
2281
2283
2284
2285
2384
2470
2664
2842
2845
2853
2915
3061
3070
3086
3090
3197
3270
3278
3281
3299
3300
3331
3335
3439
3660
3661
3695
3756
3761
3767
3795
4139
4140
4167
4185
4417
4420
4486
4522
4524
4525
4535
4537
4672
4699
4721
4780
4805
4817
4822
4840
4859
4866
4876
4883
4886
4903
4934
4953
5090
5091
5184
5186


Cluster  16
191
595
601
991
999
1232
1329
1358
1702
1808
1809
2889
3211
3225
3289
3504
3652
3742
4069
4783
5089


Cluster  17
1214
1239
1240
1242


Cluster  18
16
210
506
538
654
721
897
1557
1719
1837
2006
2033
2215
2255
2428
2560
2582
2699
3068
3117
3928
3971
4164
4514
4515
4545
4793


Cluster  19
3
36
94
137
146
213
268
302
320
409
410
668
674
675
723
759
867
902
985
1010
1033
1257
1270
1278
1318
1349
1430
1584
1612
1678
1731
1767
1820
1865
2137
2375
2397
2445
2543
2544
2547
2778
2918
2970
2993
3012
3280
3341
3348
3360
3394
3400
3411
3435
3470
3517
3744
3809
3837
3886
3908
3929
3940
3995
4068
4189
4397
4615
4622
4630
4833
4834
4858
4867
4986
5110
5176


Cluster  20
53
419
436
651
720
750
768
1014
1211
1434
1483
1558
1561
1639
1780
1871
1872
1895
2317
2322
2564
2739
2875
2941
2943
2960
2969
3014
3150
3251
3462
3513
3520
3563
3645
3688
3712
3738
3757
3759
3763
3805
3926
4361
4470
4472
4728
4766
4816
4892
5095


Cluster  21
306
307
839
969
986
1000
1083
1085
1128
1144
1146
1177
1178
1616
1706
1925
1977
1992
1993
2158
2201
2274
2275
3074
3088
3233
3234
3477
4264
4285
4349
4457
4501
4599
4627
4635
4640
4889
4902
5038
5083
5162


Cluster  22
192
193
690
752
753
836
907
908
921
967
983
1225
1277
1280
1282
1491
1496
1765
2009
2064
2065
2077
2099
2113
2226
2256
2314
2422
2580
2919
3015
3031
3082
3146
3158
3464
3465
4145
4152
4154
4156
4542
4605
4670
4677
4857
4894
5019


Cluster  23
9
12
43
61
108
109
144
214
219
229
231
277
291
293
314
330
336
360
396
511
556
592
707
798
990
1084
1098
1265
1421
1502
1597
1803
1828
1856
1904
1955
2027
2102
2161
2248
2586
2712
2783
2823
3046
3153
3306
3491
3707
3999
4000
4138
4143
4439
4448
4521
4530
4604
4741
4755
4839
4841
5043
5190


Cluster  24
20
93
326
673
914
1917
2453
2457
3244
3429
3430
3632
3909
4091
4546
5021


Cluster  25
87
130
145
201
253
304
387
612
724
760
761
831
890
918
1013
1022
1281
1441
1552
1781
1896
1947
1949
2117
2119
2145
2266
2364
2365
2394
2430
2596
2638
2742
2787
2799
2932
3053
3057
3321
3366
3484
3572
3617
3624
3649
3700
3772
3779
3864
3903
3913
3914
3915
3947
4387
4414
4500
4597
4660
4764
4842
4885
5017
5033
5042
5061
5173
5188


Cluster  26
85
354
638
774
827
851
977
1002
1017
1200
1212
1215
1219
1235
1276
1340
1841
1881
2068
2112
2172
2187
2336
2341
2373
2528
2532
2539
2633
2653
2728
2753
2857
2865
2922
2926
2962
2983
3120
3187
3235
3287
3418
3461
3574
3671
3713
3729
3937
3967
3970
4049
4063
4175
4204
4228
4326
4415
4418
4428
4441
4706
4739
4940
5166


Cluster  27
70
74
189
398
480
653
762
952
1298
1330
1332
1348
1381
1391
1545
1549
1583
1590
1634
1756
1898
2146
2230
2354
2659
2725
2852
2946
3547
3553
3727
3954
4343
4353
4372
4581
4600
4617
4624
4693
4707
4760
4808
4992
4993


Cluster  28
226
429
901
1493
1779
1894
1942
1952
1954
2050
2069
2455
2509
2518
2538
2604
2703
2724
2729
2733
2795
2863
2906
2998
3051
3128
3131
3175
3243
3265
3419
3479
3510
3537
3646
3894
4227
4271
4275
4302
4335
4359
4482
4495
4505
4657
4709
4848
4963
5098
5124
5140
5164


Cluster  29
76
118
289
341
382
383
424
435
445
447
448
449
454
455
456
458
460
461
462
465
476
525
536
537
593
596
718
778
788
1018
1029
1038
1039
1045
1050
1201
1311
1337
1356
1547
1588
1606
1613
1625
1714
1733
1744
1768
1771
1818
1822
1836
1840
1846
1847
1916
1999
2139
2212
2320
2358
2418
2419
2429
2439
2440
2459
2467
2468
2491
2496
2507
2577
2600
2601
2676
2678
2685
2714
2717
2722
2734
2792
2882
2905
2909
2923
2985
3066
3266
3268
3305
3372
3387
3396
3404
3433
3472
3481
3483
3493
3499
3514
3529
3530
3696
3781
3806
3811
3826
3827
3854
3867
3869
3870
4002
4005
4024
4032
4035
4050
4080
4146
4183
4190
4474
4483
4487
4493
4519
4568
4644
4667
4675
4689
4700
4742
4748
4757
4762
4773
4865
4918
5163


Cluster  30
608
853
926
994
1076
1654
3055
3750
3776
4067
4347
4565
4566


Cluster  31
86
550
587
709
1253
1256
1333
1419
1428
1449
1600
1830
2223
2617
2682
2715
2716
2988
3030
3133
3432
4016
4051
4243
4324
4355
4451
4662
4680
4724
4776
4922
4980


Cluster  32
423
582
837
855
988
1062
1120
1189
1464
1505
1513
1568
1572
1577
1605
1699
1707
1709
1817
1873
1922
1941
1975
2019
2052
2089
2192
2197
2203
2205
2228
2273
2353
2405
2520
2566
2567
2771
2779
2955
3013
3022
3047
3081
3089
3100
3171
3183
3252
3301
3303
3319
3333
3459
3467
3474
3495
3542
3548
3600
3608
3651
3934
3951
4058
4157
4196
4211
4245
4274
4284
4351
4366
4440
4616
4621
4799
4872
4878
4927
4958
4985
5008
5014
5027
5048
5119
5121
5196


Cluster  33
813
835
840
841
842
915
931
1043
1100
1110
1131
1138
1139
1149
1152
1435
1461
1677
1966
2026
2479
2708
4283
4288
4293
4390
4393
4419
4421
4921
4943
5148


Cluster  34
21
54
72
84
135
136
158
160
170
257
265
317
338
368
563
572
575
590
631
632
699
711
725
785
786
800
980
997
1011
1060
1067
1071
1190
1262
1285
1347
1415
1530
1576
1718
1725
1801
1821
1835
1850
1855
1907
1939
2043
2092
2094
2097
2141
2292
2306
2411
2609
2614
2657
2692
2890
3152
3178
3212
3256
3350
3379
3408
3425
3441
3631
3635
3775
3778
3879
3889
3936
3938
3963
3974
4008
4055
4136
4216
4232
4449
4492
4578
4587
4770
4815
5003
5032
5181


Cluster  35
149
530
787
1308
1478
1682
2591
2833
2836
2843
2859
2867
2871
2874
2888
2893
2894
2913
3228
3239
3911
3927
4380
4386
4722
5152


Cluster  36
50
217
323
444
457
508
512
553
562
636
666
671
740
779
801
881
898
936
972
989
1197
1202
1254
1255
1436
1503
1521
1533
1536
1562
1563
1594
1604
1618
1621
1622
1635
1645
1721
1727
1834
1891
1921
1953
2014
2060
2061
2071
2086
2100
2103
2142
2148
2149
2150
2151
2154
2177
2209
2272
2287
2460
2501
2505
2513
2514
2573
2598
2603
2620
2679
2681
2958
3083
3085
3157
3163
3173
3184
3214
3371
3374
3378
3388
3549
3581
3676
3692
3693
3722
3724
3754
3765
3830
3834
3859
3872
3887
3888
4018
4033
4053
4130
4148
4208
4277
4467
4480
4570
4654
4691
4701
4787
4796
4826
4854
4870
4917
4926


Cluster  37
10
385
401
495
502
505
540
545
688
733
826
1015
1016
1021
1046
1087
1111
1118
1161
1172
1185
1274
1364
1414
1462
1475
1569
1636
1637
1656
1723
1773
1829
1884
1956
1964
1997
2018
2028
2106
2111
2135
2259
2269
2441
2486
2502
2551
2572
2584
2607
2652
2898
2908
2935
2973
3029
3095
3267
3271
3302
3304
3307
3308
3311
3338
3393
3522
3554
3558
3595
3690
3691
3768
3796
3818
3918
3945
4025
4048
4079
4082
4248
4333
4485
4494
4512
4536
4564
4585
4666
4687
4736
4818
4824
4838
4881
4928
4960
4994
5041
5055
5079
5128
5185


Cluster  38
140
591
665
772
773
790
803
806
828
1012
1037
1047
1058
1220
1288
1374
1443
1450
1473
1516
1526
1585
1589
1591
1626
1630
1769
1774
1776
1777
1778
1785
1786
1787
1789
1790
1793
1794
1795
1796
1797
1798
1799
1819
1844
1863
1919
2001
2002
2003
2004
2067
2070
2073
2075
2080
2081
2091
2198
2263
2264
2300
2301
2302
2303
2304
2324
2355
2356
2357
2359
2360
2362
2363
2385
2415
2416
2423
2424
2432
2506
2590
2627
2646
2674
2680
2690
2746
2760
2775
2804
2807
2911
2987
3050
3052
3054
3062
3077
3111
3275
3296
3582
3642
3726
3793
3868
3882
3946
3964
4100
4116
4137
4149
4160
4174
4180
4466
4491
4601
4602
4603
4609
4695
4731
4749
4802
5132
5189


Cluster  39
49
162
163
246
249
261
276
298
301
392
814
887
1068
1191
1408
1550
1638
1679
1924
1968
2202
2294
2327
2338
2344
2451
2553
2558
2562
2608
2635
2639
2642
2741
2928
3238
3269
3272
3317
3359
3368
3422
3623
3684
3734
3745
3747
3893
4075
4179
4188
4313
4404
4429
4763
4823
4874
4987
4988
4995
5054
5088
5139
5142


Cluster  40
30
180
238
248
375
549
647
957
960
961
1319
1571
1601
1901
2504
2819
2820
2826
2828
2837
2839
2855
2861
2873
2877
2883
2892
3182
3819
4155


Cluster  41
45
258
661
962
1304
1346
1431
1437
1555
1629
1831
2116
2179
2565
2866
3262
3524
3585
3675
3723
3972
4129
4163
4207
4254
4427
4775
5009


Cluster  42
405
517
2134
2808
3005
3098
3643
3989
3991
4550
4637


Cluster  43
154
428
984
2895
3475
3540
4325
4962


Cluster  44

129
287
312
325
352
388
397
414
439
492
528
560
583
634
755
874
1081
1196
1251
1297
1398
1737
1760
1886
1887
1914
1959
2037
2115
2268
2277
2340
2463
2471
2556
2640
2650
2767
2797
2814
2947
3106
3257
3568
3584
3598
3627
3639
3658
4195
4234
4305
4336
4407
4445
4504
4563
4712
4777
4836
4964
4984


Cluster  45
566
567
829
1226
1451
1469
1512
1582
2342
2668
2721
3001
3009
3076
3177
3206
3519
3528
3817
4006
4242
4377
4471
4861
4875
4941


Cluster  46
13
379
390
472
481
486
500
513
586
602
667
687
912
917
1465
1611
1752
1754
2186
2194
2298
2334
2581
2621
2655
2897
2900
2944
2963
3351
3354
3452
4071
4300
4307
4352
4442
4443
4543
4608
4645
4655
4679
4682
5068
5177


Cluster  47
17
26
83
88
126
132
142
204
205
215
255
270
300
310
316
337
363
377
467
637
882
927
974
1055
1069
1198
1230
1266
1335
1338
1534
1548
1578
1592
1722
2040
2369
2466
2503
2610
2618
2644
2661
2667
2670
2691
2693
2694
2697
2701
2705
2737
2756
2763
2803
2899
2921
2961
2996
3032
3040
3134
3315
3391
3406
3421
3518
3638
3807
3813
3838
3849
3851
3853
3884
3950
3957
3958
3961
4528
4539
4547
4769
4800
4812
5020
5064
5182


Cluster  48
107
208
463
493
609
701
866
1026
1035
1130
1299
1315
1404
1532
1655
1763
1923
1937
1948
1985
1998
2390
2482
2531
2537
2770
3179
3398
3414
3466
3630
3674
3952
4238
4252
4331
4332
4383
4498
4562
4613
4855
4907
4942
5037
5125
5147
5187


Cluster  49
466
524
716
734
737
765
845
885
909
1136
1154
1203
1216
1580
1581
1951
1958
2379
2605
3108
3110
3293
3410
3489
3591
3721
3739
3892
4029
4286
4544
4584
4586
4715
4957
5072
5078


Cluster  50
357
895
1271
1528
1695
1758
1946
2233
2425
2736
3716
4634
5023


Cluster  51
22
66
106
120
200
266
275
292
324
349
362
367
376
386
440
791
1422
1566
1631
1684
1704
1735
1770
1995
2196
2495
2663
2904
3249
3260
3463
3751
4460
4744
5133


Cluster  52
211
393
522
523
793
910
998
1109
1527
1556
1724
1842
1950
2044
2078
2084
2143
2184
2257
2465
2628
2952
3006
3048
3071
3072
3080
3101
3102
3168
3176
3198
3199
3521
3613
3770
4007
4046
4107
4108
4109
4110
4111
4168
4197
4203
4639
4768
4845
4846
4847
4877
4880
4929
5115
5158


Cluster  53
318
391
568
682
729
942
1336
1525
2055
2083
2218
2313
3135
3148
3417
3502
3655
3774
4013
4052
4060
4102
4118
4559
4725
4898
5178
5179


Cluster  54
65
68
100
141
207
225
251
267
278
353
365
468
539
569
659
713
1153
1396
1479
1551
1599
1627
1681
1741
1857
1885
1933
2062
2251
2438
2576
2686
2827
3007
3038
3045
3220
3451
3505
3815
3895
3942
4066
4255
4431
4526
4646
4959
5165


Cluster  55
285
451
484
642
893
1334
1693
1761
1960
2051
2128
2222
2241
2374
2488
2508
2521
2595
2636
2934
3079
3480
3488
3507
3536
3555
3566
3769
3840
3917
4037
4076
4098
4246
4250
4541
4626
4944


Cluster  56
8
29
35
57
69
212
221
243
245
262
355
422
585
603
605
655
663
848
913
995
1054
1061
1268
1402
1466
1486
1523
1544
1734
1743
1889
2138
2331
2366
2477
2545
2552
2599
2720
2735
2862
2978
3084
3165
3385
3405
3535
3573
3790
3844
3850
3861
3862
3877
4004
4320
4385
4506
4540
4746
4790
4803
4899
4937
4946
4977
4998


Cluster  57
1
138
403
412
617
766
823
1008
1032
1135
1218
1249
1350
1369
1429
1494
1498
1499
1500
1501
1564
1567
1570
1574
2166
2330
2447
3154
3442
3975
4280
4648
4696
4860
4888
4947
5036
5130


Cluster  58
101
153
224
340
359
501
584
628
763
1044
1188
1228
1287
1289
1344
1363
1372
1373
1390
1504
1559
1662
1672
1729
1909
1989
2034
2088
2163
2243
2352
2409
2436
2478
2498
2619
2755
2764
2798
3092
3208
3231
3254
3277
3383
3390
3448
3468
3569
3626
3644
3702
3746
3785
3846
3876
3965
3976
3990
4085
4153
4217
4339
4344
4554
4596
4611
4620
4681
4758
4901
4912
5015
5094
5097
5175


Cluster  59
56
110
260
373
407
487
546
547
548
619
677
771
780
804
847
856
944
946
956
970
971
1187
1290
1467
1472
1474
1480
1481
1484
1485
1807
2008
2010
2017
2054
2155
2162
2171
2253
2448
2626
2683
2821
2825
2829
2832
2835
2848
2869
2870
2879
2884
3124
3138
3142
3155
3162
3166
3170
3188
3192
3196
3200
3204
3213
3215
3217
3636
3682
3791
3822
3890
3906
3935
4161
4444
4723
4811
4829
5149


Cluster  60
73
77
78
305
516
531
544
559
830
865
934
951
1024
1314
1357
1385
1425
1602
1715
1766
1816
1832
1938
2123
2297
2335
2464
2480
2677
2684
2719
2789
3107
3223
3232
3369
3423
3616
3633
3665
3685
3689
3708
3845
4028
4072
4074
4124
4235
4260
4292
4294
4295
4374
4391
4426
4434
4453
4465
4520
4567
4698
4785
4794
4810
4821
4931
5069
5074
5102


Cluster  61
1027
1028
3349
3362
3370
3576
3587
4173
4304
4572
4972
4983
5153
5155
5156


Cluster  62
127
172
173
852
899
3412
3997
4122
4382
4469
4473
4534
4827
4871
4925
5101
5112


Cluster  63
92
416
483
614
649
732
736
797
1137
1176
1199
1207
1213
1223
1367
1370
1377
1410
1628
1690
1716
1784
1860
1962
1970
1996
2013
2025
2131
2381
2400
2437
2517
2571
2669
2796
2997
3259
3345
3386
3697
3699
3740
3743
3766
3905
4119
4121
4192
4199
4270
4310
4342
4350
4476
4580
4598
4650
4779
4828
4897
4919
5063
5070
5093


Cluster  64
494
555
643
1053
1192
1227
1234
1245
1732
1908
2059
2157
2766
3003
3073
3650
3885
4767
4932
4965
5022


Cluster  65
124
361
805
820
858
889
932
963
1342
1376
1400
1587
1614
1615
1619
1647
1738
2098
2307
2348
2744
2758
2768
2790
2851
2868
3224
3363
3407
3415
3503
3848
4030
4043
4450
4593
4759
4774
4813
4843
4915


Cluster  66
33
44
236
332
381
431
616
633
656
692
694
748
792
947
948
955
973
1036
1269
1455
1531
1657
1710
1726
1748
1749
1750
1851
1899
2005
2011
2074
2085
2181
2183
2217
2308
2368
2376
2449
2450
2641
2813
2847
2849
2856
2880
2891
3041
3056
3105
3326
3401
3416
3764
4103
4258
4289
4371
4533
4618
4628
4853
5018
5046
5138


Cluster  67
1515
1538
1609
1826
2056
2072
2087
2153
2176
2216
2431
2965
2974
2976
3002
3017
3078
3169
3174
3201
3500
3543
3575
3596
3601
3610
3842
3875
3922
3925
4433
4882
4945
4997


Cluster  68
526
864
1184
1427
1476
1488
1900
1988
2361
2872
3119
3129
3143
3193
3219
3364
3545
3551
3561
3578
3579
3580
3599
3619
3637
3666
3669
3735
4078
4364
4406
4516
4571
4825
4835
4956
5135


Cluster  69
63
111
233
394
475
598
604
691
815
822
832
860
884
1004
1145
1231
1301
1401
1439
1444
1490
1848
1902
1980
1990
2048
2049
2095
2120
2210
2232
2234
2452
2481
2522
2557
2643
2658
2876
3018
3097
3218
3324
3325
3427
3428
3607
3618
3620
3621
3683
3910
4056
4061
4090
4093
4202
4241
4247
4413
4436
4552
4656
4729
4735
5025
5035
5044


Cluster  70
11
239
313
315
319
371
1095
1206
1279
1341
1644
1659
2108
2831
2864
3731
3824
4031
4125
4128
4373
4379
4819
5005


Cluster  71
55
250
351
404
664
730
756
757
758
794
900
1003
1006
1007
1122
1141
1155
1158
1169
1170
1244
1246
1250
1910
2265
2290
2326
2378
2389
2511
2533
2773
2780
3033
3322
3640
3710
4084
4097
4115
4134
4236
4296
4301
4323
4334
4346
4389
4392
4422
4510
4583
4588
4591
4614
4726
4879
4905
5126
5141
5197


Cluster  72
115
151
183
222
670
1072
1263
1573
1670
1698
1788
1814
2475
2578
2593
2637
2933
3230
3367
3494
3496
3667
3948
4001
4047
4638
4750
5026


Cluster  73
657
658
824
1105
1424
1445
1456
1675
1728
2020
2140
2252
2349
2472
2546
2588
2594
2740
2788
2802
2858
2916
2977
3207
3356
3583
3677
3680
3748
4187
4219
4251
4674
4727
4814
4890
4968
4996
5081
5145
5146


Cluster  74
47
95
171
334
415
599
781
903
1019
1233
1459
1460
1593
1658
1854
1890
1982
2022
2383
2408
2435
2492
2499
2570
2623
2625
2630
2651
2688
2840
2989
3180
3292
3355
3392
3420
3453
3454
3455
3571
3701
3782
4112
4193
4318
4337
4338
4400
4425
4430
4432
4455
4527
4556
4607
4697
4753
4771
4791
4849
4970
4975
5001
5040


Cluster  75
372
579
705
742
854
940
1420
1508
1520
2118
2271
2310
2325
2339
2953
2954
3065
3185
3758
4073
4340
4375
4378
4399
4401
4410
4452
4974
5002


Cluster  76
0
19
39
114
309
453
488
613
615
702
703
808
819
1365
1384
1517
1540
1608
1978
2036
2132
2133
2494
3283
3340
3656
4133
4223
4226
4257
4259
4319
4447
4481
4499
4557
4576
4864
4916
5129
5191


Cluster  77
96
105
366
471
499
611
625
650
776
1387
1506
1507
1522
1524
1607
1928
2191
2238
2351
2413
2519
2534
2656
2687
2759
2914
2924
2927
3137
3347
3810
3832
3902
3998
4092
4253
4402
4685
4792
4939
5086


Cluster  78
113
156
303
676
816
975
2235
2490
3016
3622
3912
5034


Cluster  79
38
194
209
263
344
402
430
485
534
689
708
782
911
920
1030
1048
1066
1107
1108
1115
1116
1195
1205
1210
1283
1359
1394
1411
1541
1742
1745
1746
1747
1775
1965
2199
2286
2392
2540
2706
2938
2968
2986
3139
3291
3310
3437
3445
3482
3711
4077
4218
4221
4345
4358
4454
4459
4558
4577
4673
4831
4852
4961
4969
5049
5052
5057
5067
5116
5118
5160


Cluster  80
67
1708
1713
1869
1905
2041
2093
2372
2711
3361
3657
4045
4395
4461


Cluster  81
14
165
166
177
181
196
264
342
346
384
417
432
437
679
722
770
799
833
937
1264
1310
1353
1354
1739
2208
2224
2231
2237
2426
2427
2510
2525
2613
2718
2830
2957
2992
3189
3190
3515
3552
3559
3634
3878
3881
4135
4363
4579
4684


Cluster  82
4117


Cluster  83
71
235
254
297
345
552
1321
1598
1762
2039
2076
2156
2164
2175
2333
2485
2487
2516
2526
2527
2602
2671
2817
2834
2838
2881
3039
3122
3127
3160
3255
3787
3794
3797
4113
4114
4231
4348
4641
4911
5157


Cluster  84
5
48
51
134
147
150
164
178
241
618
809
857
872
1236
1272
1325
1326
1339
1378
1413
1518
1565
1827
1879
1913
2000
2189
2207
2236
2328
2412
2489
2549
2554
2569
2616
2696
2754
3024
3059
3069
3240
3380
3485
3523
3562
3594
3602
3604
3614
3648
3663
3664
3670
3694
3741
3949
3956
3996
4012
4054
4057
4059
4064
4070
4095
4101
4178
4405
5012
5136
5180


Cluster  85
18
269
274
610
648
861
880
1063
1241
1674
1689
2058
2816
2940
3004
3093
3586
3705
3719
3804
3828
3841
3880
4011
4381
4408
4411
4708
4720
4844
4850
4999
5071


Cluster  86
1711
2125
4979


Cluster  87
116
174
203
223
247
280
288
418
482
503
571
622
706
939
1317
1379
1482
1652
1664
1676
1730
1753
1935
1976
1994
2057
2206
2247
2343
2347
2523
2536
2563
2695
2846
3025
3043
3044
3151
3382
3823
3858
3959
4062
4468
4705
4717
5096


Cluster  88
1124
1327
1405
1446
1926
1927
2101
2122
2127
2370
2386
2393
2402
3780
4123
4647


Cluster  89
23
58
121
184
195
197
286
339
542
577
662
715
738
949
1077
1309
1543
1553
1617
1717
1805
1824
1878
2182
2244
2245
2250
2254
2262
2443
2574
2585
2622
2624
2665
2675
2689
2723
2749
2794
2809
2812
2841
2844
2896
3049
3116
3205
3250
3375
3402
3447
3456
3492
3783
3786
3808
3825
3843
3932
4106
4256
4398
4610
4664
4719
4798
5117
5171
5172


Cluster  90
4
395
411
784
3172
3460
3577
3588
3752
3784
3802
3930
4088
4801
4936
5058
5105


Cluster  91
284
400
510
558
1104
1126
1159
1162
1181
1217
1243
1295
1320
1409
1579
1653
1685
1697
1877
1931
2053
2329
2346
2350
2377
2410
2672
2673
3026
3245
3274
3285
3314
3329
3337
3358
3450
3717
3736
3777
3798
4120
4266
4272
4287
4290
4291
4299
4309
4438
4490
4497
4502
4503
4551
4636
4786
4830
4851
4893
4908
4930
4933
4938
4966
5028
5045
5051
5066
5104
5161


Cluster  92
1208
1810
1811
1812
1813


Cluster  93
3019
3020
3021


Cluster  94
42
81
186
187
199
271
272
331
561
1258
1259
1293
1833
2105
2550
2592
2910
3449
3469
4314
4484
4761
4895
4935


Cluster  95
37
41
89
179
311
322
576
710
789
894
965
1193
1306
1406
1839
1849
2012
2541
2597
2785
2793
2902
2903
2907
2951
3063
3686
3803
3816
3829
3955
3960
3977
4594
4606
4631
4795
5107
5114


Cluster  96
620
672
777
811
850
863
924
928
966
1487
1535
1643
1673
1802
1815
1875
1972
2169
2174
2204
2227
2291
2371
2878
2939
3058
3112
3149
3248
3516
3534
3605
3606
3615
3653
3659
3833
3873
3907
3982
3987
4014
4147
4151
4212
4462
4538
4590
4978
5024
5111


Cluster  97
427
580
597
607
621
629
769
846
1343
1368
1586
2152
2221
2319
2561
3426
3438
3567
3589
3704
3760
4026
4233
4446
4653
4738


Cluster  98
24
64
79
90
112
176
216
237
242
252
273
295
358
420
450
473
479
498
551
640
652
683
695
726
783
873
877
888
935
958
1056
1064
1092
1147
1150
1179
1229
1294
1302
1303
1305
1307
1355
1392
1397
1438
1471
1492
1623
1632
1642
1862
1864
1880
1912
1957
1969
1973
1984
1991
2167
2188
2195
2261
2282
2395
2401
2444
2456
2548
2738
2761
2776
2936
3010
3027
3123
3227
3258
3261
3279
3298
3312
3318
3323
3327
3344
3395
3424
3436
3668
3698
3703
3714
3773
3788
3800
3897
3931
3939
3966
3981
3993
4141
4166
4171
4176
4177
4191
4368
4394
4412
4416
4423
4463
4479
4489
4511
4612
4732
4765
4923
4949
5053
5059
5062
5108
5113
5123


Cluster  99
6
97
122
123
143
230
256
290
294
327
335
565
727
728
751
796
802
810
838
875
876
916
919
922
933
938
979
1300
1352
1416
1457
1610
1660
1668
1852
1981
2030
2096
2249
2743
2752
2811
3140
3221
3236
3247
3457
3478
3498
3570
3641
3673
3755
3821
3852
3919
3920
3923
3933
3985
4099
4104
4244
4249
4328
4329
4437
4477
4508
4513
4592
4661
4747
4991
5006
5013
5039
5120


Cluster  100
433
434
1322
1323
1324
2917
3130
3194
3284
3353
3431
3434
3473
3490
4022
4144
4150
4496
4663
4688
4887
4910


Cluster  101
4778


Cluster  102
348
527
623
630
684
685
686
700
714
1101
1388
1509
1510
1511
1751
1866
1944
2144
2229
2239
2312
2420
2461
3067
3209
3229
3276
3397
3399
3476
3487
3506
3544
3590
3678
3687
3733
3839
3874
3899
3943
3953
4015
4396
4782
4955
5029
5080


Cluster  103
7
82
98
206
232
281
282
283
696
697
698
741
754
825
1222
1291
1454
1497
1514
1620
1772
1853
1861
2165
2170
2417
2606
3087
3125
3144
3195
3226
3237
3241
3294
3352
3365
3373
3376
3526
3538
4040
4201
4362
4456
4686
4751
4869
4989
5007


Cluster  104
421
446
717
869
987
1005
1034
1088
1112
1121
1132
1133
1142
1143
1157
1160
1163
1182
1247
1312
1313
1331
1560
1596
1705
1823
1932
1934
1943
1945
1961
1967
1974
1986
2042
2079
2082
2107
2121
2129
2130
2193
2220
2240
2246
2279
2380
2388
2702
2747
2748
2750
2765
2800
2818
2886
2942
3011
3028
3042
3060
3075
3118
3159
3167
3263
3273
3282
3290
3320
3330
3334
3339
3342
3403
3564
3611
3725
3749
3762
3978
3988
4038
4127
4205
4263
4267
4276
4278
4281
4282
4297
4330
4475
4488
4509
4531
4561
4595
4804
4891
4896
4900
4909
4951
5060
5085
5092
5137
5183
5193


Cluster  105
2
32
52
75
91
99
102
103
128
148
157
190
244
328
347
452
532
533
554
646
795
807
953
1025
1031
1273
1395
1661
1683
1691
1703
1979
1983
2066
2126
2289
2382
2654
2660
2762
2964
3091
3099
3104
3113
3253
3904
3944
4041
4065
4215
4229
4523
4632
4659
4690
4973
5076
5082


Cluster  106
2315
2321
2555
4158
4159
4169
5134


Cluster  107
80
182
188
364
477
543
681
719
739
844
950
1412
1440
1542
1665
1874
2316
2433
2462
2476
2497
2781
2920
2929
2971
2981
3036
3121
3132
3141
3336
3377
3409
3525
3527
3565
3612
3900
3921
4009
4010
4083
4094
4131
4213
4321
4582


Cluster  108
25
34
104
161
167
185
234
374
606
639
704
964
1123
1345
1495
1595
1651
1757
1759
1783
1804
1806
1867
1906
2047
2178
2267
2483
2515
2589
2730
2805
2806
2810
2854
2885
2887
2991
3000
3034
3035
3114
3115
3145
3384
3413
3440
3511
3539
3541
3546
3593
3654
3679
3801
3835
3836
3857
3863
3898
3901
4023
4089
4165
4172
4186
4209
4210
4327
4458
4529
4651
4702
4743
4948
4967
5030
5100
5174


Cluster  109
744
745
746
747
